2 20 25 10 2 
-0.202779 -0.710162 0.858907 
0.26081 0.751863 -0.0467479 
0.924224 -0.47699 0.353591 
-0.982995 -0.859622 0.709447 
0.11135 0.602403 0.909961 
0.343833 0.311863 0.619421 
0.436614 0.0369638 -0.393967 
0.79247 0.868233 0.32957 
-0.807192 0.162403 0.469961 
-0.451335 -0.483305 0.718084 
-0.52641 -0.666112 -0.833967 
-0.126071 -0.633454 0.935616 
0.844901 -0.293238 0.537343 
0.985292 0.585642 0.0469782 
-0.31657 0.545292 0.114361 
0.0392863 0.53034 -0.268271 
0.870556 -0.375315 -0.0677578 
0.380191 0.455954 0.918854 
-0.78854 -0.0344109 0.273147 
0.828828 -0.417043 0.52127 
-0.565126 0.0917169 -0.0761384 -0.507069 -0.938 -0.738175 -0.90603 0.663039 0.862864 -0.829579 0.37181 0.679368 -0.382319 -0.0747611 0.863552 -0.565815 0.372499 0.680057 -0.38163 -0.0740725 -0.872684 
-0.390699 0.0663185 0.158411 -0.00944454 -0.440375 -0.24055 -0.671481 -0.208581 -0.639512 -0.439687 -0.132129 0.806184 0.638329 -0.423358 -0.1158 0.822513 0.654658 0.962216 -0.0994708 0.100354 -0.961333 
0.997629 0.979234 0.548303 0.117372 0.580272 -0.589147 0.872189 0.441259 0.904159 0.473228 0.0422974 0.349855 -0.711832 -0.141198 0.797115 -0.895327 0.0429861 -0.755625 -0.448067 -0.248242 0.0593152 
0.624322 -0.563492 -0.994423 -0.794598 0.774471 0.606616 -0.455071 -0.147513 0.0523119 0.622945 -0.438742 -0.131184 0.80713 -0.885313 0.316076 0.623634 -0.438053 -0.130495 0.807818 -0.621549 0.316765 
-0.35503 0.932569 0.764713 0.333783 -0.0971483 0.841165 -0.588202 0.350112 -0.0808192 0.857494 -0.834948 0.366441 -0.06449 0.873823 -0.818619 0.119694 0.690328 -0.371359 -0.80229 0.136024 0.443581 
-0.320306 0.384147 0.583972 0.153041 0.723675 -0.338012 -0.0304545 0.907859 -0.784583 0.416806 0.724363 -0.337323 -0.0297658 0.908548 0.740692 -0.320994 -0.0134367 0.924877 -0.767566 0.433823 -0.627863 
0.60825 0.418871 0.881772 -0.81067 -0.610846 0.958224 0.527293 -0.271318 0.0362394 0.974553 -0.71789 -0.410332 0.791057 -0.901385 0.036928 0.344486 -0.454125 -0.146568 0.791746 -0.900697 -0.593139 
0.750707 0.716671 -0.975771 0.593298 -0.468389 0.102245 -0.959442 0.609627 -0.452059 -0.144502 -0.943113 -0.635555 0.302758 0.610316 -0.451371 0.119262 -0.942424 -0.634867 0.303447 -0.75824 -0.187607 
0.677698 -0.510116 -0.310291 0.783365 0.352434 -0.709252 -0.401695 -0.0941372 -0.892748 0.0455652 0.353123 0.66068 -0.401006 0.169627 -0.89206 0.0462538 0.353811 0.924445 -0.137242 0.170316 -0.891371 
-0.0705481 -0.475392 0.0952413 -0.966445 -0.658888 0.279426 -0.519185 -0.211628 0.0959299 -0.965757 -0.658199 -0.826054 0.112259 0.419817 -0.64187 -0.334312 0.867077 -0.19461 0.112948 0.420505 -0.641181 
-0.0358239 0.668629 0.976187 -0.0855 -0.516431 0.684958 0.992516 -0.0691708 0.238387 -0.8233 -0.252667 0.685647 0.993204 -0.0684822 0.239075 0.0712202 -0.990466 -0.052153 0.255405 -0.543206 0.395107 
0.98689 0.122274 0.322098 -0.108832 0.354068 -0.0768628 -0.507794 -0.200236 -0.475824 -0.168266 -0.599197 0.339116 0.171261 -0.890426 0.678643 -0.383043 -0.0754855 -0.874097 -0.566539 -0.258981 0.679332 
0.638293 -0.226323 -0.657254 0.173327 -0.733017 0.836052 -0.225634 0.0819233 0.912504 0.113893 0.421451 -0.640236 0.298077 0.605635 -0.192976 0.114582 0.314406 0.621964 -0.176647 0.130911 0.438468 
0.704987 0.578859 0.778684 0.978509 -0.821666 -0.989521 -0.158941 0.148617 -0.913069 -0.605512 0.595877 0.164946 0.472504 -0.589183 -0.0185495 0.919764 -0.141923 -0.572854 0.996216 0.197605 0.397429 
0.787321 -0.448103 -0.879034 0.214622 -0.324041 -0.0164836 0.92183 -0.507537 0.430776 0.738334 -0.323353 -0.015795 -0.814406 0.754663 0.954488 -0.737954 -0.167321 0.770992 0.340061 -0.721625 -0.414068 
-0.547199 0.157254 -0.904432 -0.596875 -0.289317 0.912072 -0.78037 0.157943 -0.903744 -0.596186 0.605203 0.174272 0.48183 -0.579857 -0.00922368 0.190601 0.498159 -0.563528 -0.25597 0.20693 0.514488 
0.165892 0.822734 0.654879 0.854704 0.423773 0.623598 0.931156 0.132545 -0.929142 -0.621584 0.316729 -0.481882 -0.912813 -0.605255 0.333058 0.640616 -0.157995 -0.588926 -0.281368 0.656945 0.964503 
0.723639 -0.464176 -0.264351 -0.695282 -0.863137 0.705932 -0.355754 -0.0481966 -0.479127 0.722261 -0.339425 -0.0318675 0.906446 -0.785996 0.415392 0.72295 -0.969492 -0.0311789 0.276379 -0.522232 -0.214675 
-0.0976161 -0.131652 -0.562582 -0.993513 -0.0552 0.515433 -0.546253 -0.238696 0.0688619 -0.992825 -0.422192 0.516122 0.82368 -0.238007 0.0695505 0.640184 -0.421503 -0.113945 0.824368 -0.868074 0.964071 
-0.493823 -0.527858 -0.695714 0.873356 -0.819087 0.749982 -0.94246 0.258929 0.566487 0.874044 -0.187642 0.119915 -0.678696 -0.371138 0.567175 0.874733 -0.186954 0.383679 0.691237 0.260306 -0.80138 
-0.103931 0.400697 -0.0302336 0.169591 -0.26134 -0.429195 -0.860126 0.708943 -0.460476 0.00242467 0.833005 -0.859437 0.0788764 0.64951 -0.412177 -0.104619 0.202938 -0.858748 -0.288115 0.650198 -0.411488 
-0.237062 0.419781 0.251926 -0.179005 0.0208197 -0.410111 0.791278 0.360347 -0.70134 -0.393782 0.176851 -0.884835 -0.577278 0.361036 -0.0698952 -0.868506 -0.560949 0.377365 0.684922 0.99248 0.193869 
-0.693391 -0.974862 0.594207 -0.312136 0.518444 0.718269 0.287338 0.119483 0.319308 -0.111623 0.826691 0.658835 -0.402851 -0.0952936 0.84302 -0.849423 0.351966 0.659524 -0.402163 -0.0946049 0.843708 
0.495112 -0.692702 0.876367 0.445436 0.277581 -0.784106 -0.476548 0.461765 0.769323 -0.660044 0.278269 -0.783417 0.785652 -0.906791 0.294598 0.602156 0.171225 -0.890461 -0.319828 -0.750759 0.187554 
-0.576333 -0.134955 -0.30281 -0.733741 0.835328 -0.226359 0.0811989 -0.717412 0.220901 0.528459 -0.533228 0.0374055 -0.393525 0.544788 0.852346 -0.209341 0.361292 -0.700394 -0.392837 -0.0852791 0.853034 
-0.0752646 -0.109989 -0.54092 0.289661 -0.616683 0.952386 -0.1093 -0.540231 -0.708086 -0.400529 -0.200704 0.106854 -0.691757 -0.3842 0.554114 0.861671 -0.830771 0.370618 0.678176 -0.383511 -0.0759533 0.86236 -0.567007 0.371307 0.678864 -0.382822 
-0.822822 -0.0269658 0.911348 -0.781095 0.157219 0.727852 -0.333835 -0.0262772 0.28128 0.481105 -0.948261 -0.00994807 0.29761 0.605167 -0.456519 0.114114 -0.947573 -0.640015 -0.332458 0.605856 -0.823511 0.114802 0.42236 -0.639327 -0.331769 0.238864 
-0.771769 0.654843 0.962401 -0.0992857 0.471347 -0.590339 -0.282782 0.655532 0.96309 0.164478 0.472036 0.779594 -0.282093 0.0254648 -0.773146 -0.465589 0.472725 0.780282 -0.0183287 0.289229 -0.772458 -0.4649 0.473413 -0.955953 -0.01764 0.289918 
0.157475 0.490431 0.322576 -0.108355 -0.539286 -0.339461 0.231172 -0.830514 -0.522957 -0.323132 -0.754063 0.447326 0.754884 0.323953 -0.737733 -0.1671 0.771213 -0.921229 -0.613672 0.955398 0.156787 0.464344 -0.597342 0.340971 0.648529 -0.780838 
0.516086 0.158164 -0.903523 -0.595965 0.605424 0.174493 -0.256438 0.681876 0.51402 -0.547666 -0.240109 0.698205 -0.994238 0.207151 0.514709 0.822266 -0.23942 0.0681375 -0.730474 -0.422916 0.515398 0.822955 -0.238731 0.331902 -0.729785 -0.422227 
-0.770135 -0.697127 -0.497302 -0.928233 -0.728408 -0.896263 0.0420505 -0.38888 -0.0813227 0.118502 -0.0493531 0.88896 -0.803482 0.765587 -0.0330239 -0.463955 0.474359 -0.587328 -0.27977 0.290863 -0.770824 -0.463266 0.475047 -0.586639 -0.0160061 0.922307 
-0.934547 -0.769446 0.168867 0.7395 -0.322186 -0.0146289 0.923685 -0.768758 0.432631 0.00170028 0.940014 -0.752429 -0.181795 0.756518 -0.935924 0.00238892 0.309947 -0.488664 -0.181107 0.126451 -0.935236 -0.627678 0.573711 0.881268 -0.180418 0.127139 
-0.47865 -0.72884 0.84023 -0.959946 -0.652388 0.285925 0.856559 -0.835884 0.10243 0.409987 -0.651699 -0.0810661 0.857247 0.426316 -0.63537 -0.803225 0.135088 -0.926599 0.642471 0.950028 0.151417 0.458975 -0.602712 -0.295154 0.643159 -0.786208 
0.926007 0.152794 -0.908892 -0.601335 0.600054 0.907612 0.476681 -0.585005 -0.0143722 0.923941 -0.768501 0.169812 0.47737 -0.321241 -0.0136836 0.92463 -0.137057 0.848867 -0.843576 0.725493 -0.336193 0.60212 -0.827247 0.111067 0.418625 0.618449 
-0.975329 0.559016 0.866573 -0.825869 0.112444 -0.949242 -0.378609 0.559704 0.867262 -0.932913 -0.36228 0.576033 0.883591 -0.178096 0.129462 0.700095 -0.361591 -0.0540338 0.253524 -0.808163 -0.23753 0.700784 -0.991659 -0.0533452 0.254212 -0.544399 
-0.377895 0.88224 -0.394912 -0.0873547 0.375546 0.683103 0.14444 0.451997 0.914898 -0.254521 -0.685452 
0.394629 0.0700541 -0.991633 -0.528732 -0.959663 -0.652105 0.809231 -0.0971126 0.841201 -0.851242 0.0870718 
