2 5 3 5 5 7 2 3 2 
0.411199 0.534572 0.103641 
0.875477 -0.63347 -0.325912 
-0.707856 0.784762 -0.276925 
-0.890663 -0.0288011 -0.459732 
0.204371 0.803157 0.635302 
0.7451 0.528946 0.0980153 0.405573 -0.500771 -0.193213 
0.47089 -0.37602 -0.283928 0.654385 0.961943 -0.467424 
0.272442 -0.789933 0.14838 0.455938 -0.342673 -0.0351157 
0.413522 0.0739943 -0.093861 -0.524792 
-0.507774 -0.955034 -0.0167207 0.553913 
0.786396 -0.922376 0.646693 0.215763 
-0.18251 -0.99745 -0.0591368 0.248421 
-0.780608 0.141377 -0.657234 0.281079 
-0.762901 -0.979055 0.590014 -0.839353 0.0989606 -0.33197 
-0.0675174 0.0840087 0.654642 -0.407045 -0.099487 -0.530418 
-0.281606 0.348462 0.548286 -0.621133 -0.158232 0.149325 
-0.971107 -0.0334818 0.904832 -0.787611 -0.480053 0.45826 
0.722713 -0.231929 0.0756281 -0.986058 0.583011 0.415155 
-0.736557 -0.321956 0.616358 -0.289986 0.0175715 0.325129 
-0.0411738 0.741108 -0.688259 0.142322 0.44988 -0.611807 
-0.97811 0.805736 0.374805 0.682363 0.98992 0.0835767 
0.823442 0.499556 -0.562131 -0.254573 -0.422429 -0.114871 
-0.851982 0.301108 -0.129823 -0.297678 -0.0978532 0.209704 
0.94957 -0.635828 -0.172928 -0.603858 -0.296301 0.0112568 
0.491175 0.0595556 0.367113 0.674671 0.982228 -0.0794581 
0.385508 -0.968784 0.600285 -0.461402 -0.892332 -0.321699 -0.0141415 0.185683 
0.957519 0.49393 -0.935437 -0.62788 -0.428055 -0.120497 0.817816 0.649961 
0.00494214 0.866804 -0.302615 
0.345158 -0.162224 0.0376004 
-0.560497 -0.0694436 0.50119 
0.476948 0.199469 0.983642 -0.353633 
-0.82698 -0.212553 -0.751217 0.0793637 
