2 16 8 4 2 
0.770624 -0.497986 0.32256 
0.0525805 1.09541 0.533271 
-1.57495 0.957683 1.92406 
-0.949593 -0.155257 1.63736 
-0.504262 -0.588477 -0.654087 
0.696153 -0.145394 -0.703363 
-0.764958 0.393118 -0.158593 
1.22784 -1.44671 0.0220162 
0.944721 -1.36889 -0.824664 
-0.102972 -0.107606 1.66675 
0.303069 0.449559 -0.614683 
-0.445449 1.64006 0.547746 
0.446094 1.3209 -1.12883 
0.632748 0.701278 -1.09798 
0.757346 -1.32635 1.19454 
-0.597032 0.785565 0.0364373 
0.55809 -0.242753 -0.637602 -0.59535 -1.01898 1.07668 0.379673 -0.363491 -0.00742091 -0.317214 0.878224 0.278881 1.12377 0.638914 1.11574 -0.220151 -0.454864 
0.455226 -0.286823 -1.15819 -0.196208 0.82659 0.277982 0.986751 -0.104299 0.289124 0.880725 -1.41383 0.899446 -0.910299 0.815958 0.929594 -0.561796 0.917963 
-0.449415 -0.83299 -0.00892735 1.46262 0.942314 -0.675738 -0.445469 0.230709 -1.19229 -0.56853 0.62502 0.147873 1.42251 0.739656 0.366541 -1.24925 0.504753 
0.583658 0.0185412 -1.08499 1.15998 0.979453 0.678444 -0.320853 1.18053 0.122905 0.82783 0.893016 -1.07959 -0.297278 -0.905693 0.955417 -0.0728453 -0.843769 
0.589134 -0.666707 -0.444188 0.345838 0.226255 0.791111 -0.683846 -0.164896 0.0102208 -0.346128 0.538399 0.866951 -0.127406 -0.651615 1.02172 0.619286 -0.0839887 
0.552896 -0.483553 -0.631133 -0.04867 0.328107 -0.431648 -0.262423 1.05354 -0.211348 0.99643 -0.663702 -0.363812 -0.602624 -0.672468 -0.66971 0.667024 0.485165 
0.700802 0.330289 -0.481814 0.041484 -0.00141121 1.04304 0.0658185 0.475052 -0.634264 -0.531813 -0.857201 0.261648 0.41015 0.297965 -0.913866 0.801315 0.703165 
-0.0173187 -0.507872 -0.598882 1.4189 0.568293 0.92196 -0.460384 0.767111 1.168 0.883159 0.293867 0.491932 -0.308222 -0.543837 -0.938691 0.504034 0.00491874 
-0.359111 -0.729309 0.200033 1.174 -0.107196 -0.390906 0.27304 -0.572715 0.193991 
0.995304 1.16102 -0.991018 -1.59085 -0.402757 -0.251342 0.826483 1.03945 -0.824669 
-0.125887 -0.0513908 0.803493 1.24148 1.48719 0.0530937 -0.143972 0.0955631 -0.537725 
0.115085 -0.253064 1.57903 0.608283 0.0390969 -0.803231 -0.285551 0.981808 1.68635 
-0.303689 -0.131843 1.37439 -0.767143 -1.23497 
0.266716 0.749349 -1.48537 0.999183 1.196 
